SENDER_PUBLIC_KEY=J4shAGuznyrfJLxoCzFHzueYpLkBuqAWjrPdg4DUoGdP
RECEIVER_PUBLIC_KEY=5AbvXPpwDaGu9SK9g9pN8BzSvhgwTHRQqD953G4pY2zH
SENDER_SECRET_KEY="[229, 31, 150, 157, 231, 164, 79, 76, 133, 61, 128, 97, 197, 49, 29, 98, 52, 179, 41, 29, 10, 182, 16, 84, 189, 219, 22, 129, 0, 22, 174, 250, 253, 148, 188, 255, 39, 76, 209, 169, 143, 216, 223, 95, 126, 30, 225, 1, 57, 183, 54, 240, 29, 138, 25, 252, 194, 226, 139, 155, 67, 96, 116, 250]"
RECEIVER_SECRET_KEY="[
  47, 21, 192, 142, 72, 134, 66, 149, 4, 46, 24,
  251, 46, 169, 26, 58, 83, 56, 248, 95, 169, 191,
  24, 17, 240, 113, 223, 18, 226, 79, 136, 93, 219,
  35, 167, 160, 65, 74, 59, 153, 101, 40, 12, 170,
  157, 73, 153, 151, 161, 189, 210, 71, 31, 179, 208,
  239, 174, 30, 193, 177, 121, 133, 119, 187
]"